112 (2680)
116 (2193)
12 (3415)
120 (4973)
132 (2641)
140 (2687)
145 (4559)
151 (2611)
161 (2320)
175 (2791)
177 (4629)
183 (3883)
192 (2004)
196 (2096)
204 (2174)
205 (3605)
21 (2666)
210 (2009)
217 (5375)
229 (2281)
236 (2618)
239 (2742)
242 (2325)
27 (2165)
274 (2628)
276 (2479)
279 (3014)
280 (2108)
283 (4082)
285 (2600)
296 (2210)
32 (4248)
334 (2146)
346 (3470)
349 (2041)
350 (3069)
354 (5835)
362 (4388)
368 (7828)
373 (2007)
38 (2402)
381 (2959)
387 (2089)
39 (4258)
390 (2685)
392 (2420)
401 (3667)
411 (2047)
413 (2637)
419 (5057)
438 (4511)
450 (2082)
460 (4438)
470 (4137)
471 (2894)
472 (2125)
477 (2462)
48 (2472)
480 (2309)
487 (3135)
489 (3420)
494 (5102)
509 (3044)
510 (3281)
522 (2725)
523 (2244)
526 (2793)
529 (7057)
538 (3982)
54 (2595)
541 (3735)
548 (2843)
561 (2783)
569 (2835)
57 (2743)
571 (2902)
579 (2164)
581 (2943)
593 (2601)
597 (2883)
598 (3219)
6 (2149)
606 (2668)
614 (3134)
617 (2614)
620 (2100)
631 (2793)
634 (2492)
638 (2288)
653 (2634)
661 (2693)
663 (2354)
674 (2527)
675 (2976)
676 (2717)
682 (4132)
684 (5408)
69 (2370)
692 (4993)
694 (2847)
70 (2411)
71 (3507)
72 (2852)
720 (3864)
722 (5845)
73 (2179)
738 (2129)
744 (2177)
75 (3151)
752 (2578)
758 (2860)
766 (6265)
774 (2046)
775 (3771)
778 (2514)
78 (2471)
780 (2306)
782 (2767)
788 (2386)
789 (4309)
793 (3063)
795 (3361)
797 (2684)
798 (3103)
8 (3090)
803 (2237)
809 (2163)
825 (3085)
826 (2022)
829 (6810)
832 (2062)
844 (2814)
854 (2847)
862 (3649)
871 (2810)
874 (2237)
878 (2047)
883 (4902)
885 (3043)
886 (3053)
888 (3686)
895 (3385)
914 (4037)
918 (3012)
919 (3710)
921 (2425)
93 (2777)
937 (4681)
944 (2794)
947 (3690)
956 (3626)
960 (2732)
966 (3921)
970 (2086)
998 (2713)
