0 (594)
1 (1535)
10 (1351)
100 (1749)
104 (1158)
105 (1100)
108 (940)
11 (525)
110 (1801)
111 (1171)
112 (2680)
114 (816)
115 (1775)
116 (2193)
117 (731)
118 (916)
12 (3415)
120 (4973)
122 (1081)
125 (1287)
126 (1075)
128 (525)
129 (1547)
130 (1711)
132 (2641)
136 (707)
139 (671)
140 (2687)
143 (1417)
144 (505)
145 (4559)
147 (1383)
151 (2611)
154 (1447)
155 (697)
156 (572)
157 (1140)
158 (884)
159 (542)
160 (987)
161 (2320)
162 (1450)
163 (1256)
164 (744)
167 (625)
168 (1538)
17 (1683)
170 (1203)
171 (1097)
172 (663)
173 (1080)
174 (579)
175 (2791)
176 (582)
177 (4629)
178 (654)
18 (813)
181 (1235)
183 (3883)
185 (1529)
187 (759)
188 (650)
190 (531)
192 (2004)
193 (925)
194 (517)
196 (2096)
197 (1230)
198 (1461)
2 (673)
201 (1029)
203 (861)
204 (2174)
205 (3605)
207 (1214)
208 (1483)
21 (2666)
210 (2009)
212 (778)
213 (522)
214 (1893)
215 (781)
216 (525)
217 (5375)
220 (717)
224 (919)
226 (658)
227 (1818)
229 (2281)
234 (1416)
236 (2618)
239 (2742)
240 (1399)
241 (784)
242 (2325)
249 (615)
25 (1395)
252 (781)
256 (785)
258 (1036)
259 (1522)
26 (527)
262 (660)
263 (654)
265 (1359)
266 (1022)
268 (885)
27 (2165)
272 (659)
274 (2628)
275 (1692)
276 (2479)
277 (982)
278 (657)
279 (3014)
28 (1454)
280 (2108)
283 (4082)
285 (2600)
290 (1793)
294 (1445)
295 (712)
296 (2210)
298 (778)
299 (522)
3 (531)
300 (582)
304 (805)
307 (702)
308 (1402)
309 (1262)
31 (1666)
310 (1390)
314 (846)
315 (533)
316 (578)
318 (812)
319 (1371)
32 (4248)
320 (540)
321 (676)
322 (1154)
325 (1022)
326 (1488)
327 (662)
328 (663)
329 (964)
33 (1460)
332 (1861)
334 (2146)
335 (1345)
336 (1071)
339 (695)
343 (1599)
345 (801)
346 (3470)
347 (885)
348 (1226)
349 (2041)
35 (1984)
350 (3069)
351 (1641)
352 (902)
354 (5835)
355 (958)
357 (1142)
36 (528)
361 (1104)
362 (4388)
364 (567)
366 (1031)
368 (7828)
369 (592)
37 (1249)
373 (2007)
377 (1149)
378 (1149)
38 (2402)
381 (2959)
383 (668)
385 (1676)
387 (2089)
388 (938)
39 (4258)
390 (2685)
392 (2420)
394 (1145)
395 (990)
4 (1394)
401 (3667)
403 (1722)
405 (1525)
406 (785)
407 (634)
408 (607)
409 (651)
41 (1353)
411 (2047)
412 (517)
413 (2637)
414 (1160)
415 (877)
417 (971)
419 (5057)
421 (656)
422 (1255)
423 (1412)
424 (1448)
427 (1856)
428 (1021)
429 (1037)
43 (1721)
430 (580)
432 (985)
436 (589)
438 (4511)
44 (903)
440 (1943)
447 (863)
448 (1370)
449 (1890)
45 (1728)
450 (2082)
456 (804)
458 (1124)
46 (543)
460 (4438)
461 (1498)
464 (848)
467 (742)
468 (1089)
469 (1502)
470 (4137)
471 (2894)
472 (2125)
474 (815)
475 (663)
477 (2462)
478 (522)
48 (2472)
480 (2309)
481 (888)
484 (971)
486 (1547)
487 (3135)
489 (3420)
490 (1066)
492 (665)
493 (583)
494 (5102)
496 (1428)
499 (743)
5 (1094)
500 (1444)
504 (1296)
505 (791)
507 (950)
509 (3044)
51 (1612)
510 (3281)
511 (1015)
512 (611)
513 (1287)
515 (1166)
516 (1544)
517 (1201)
518 (759)
52 (1983)
521 (1582)
522 (2725)
523 (2244)
525 (609)
526 (2793)
527 (1185)
528 (576)
529 (7057)
53 (535)
530 (1263)
533 (772)
534 (1531)
538 (3982)
54 (2595)
540 (1293)
541 (3735)
544 (773)
546 (1050)
548 (2843)
55 (1959)
550 (1203)
554 (1114)
557 (587)
558 (957)
561 (2783)
563 (1065)
565 (640)
567 (1102)
568 (956)
569 (2835)
57 (2743)
571 (2902)
572 (1589)
573 (1229)
574 (1297)
576 (1337)
577 (1695)
578 (1290)
579 (2164)
58 (1330)
580 (1667)
581 (2943)
583 (1389)
585 (856)
590 (814)
591 (1241)
593 (2601)
594 (1516)
595 (797)
597 (2883)
598 (3219)
6 (2149)
600 (1192)
605 (1652)
606 (2668)
608 (999)
611 (1444)
614 (3134)
616 (568)
617 (2614)
618 (1337)
620 (2100)
622 (826)
623 (1845)
624 (915)
626 (874)
628 (1102)
629 (893)
630 (1523)
631 (2793)
632 (1070)
633 (780)
634 (2492)
638 (2288)
639 (1572)
640 (932)
641 (1494)
642 (830)
645 (581)
647 (551)
648 (653)
649 (1292)
651 (1288)
653 (2634)
657 (506)
658 (1881)
659 (835)
66 (888)
660 (610)
661 (2693)
663 (2354)
665 (1297)
672 (743)
673 (1635)
674 (2527)
675 (2976)
676 (2717)
678 (1329)
68 (1601)
682 (4132)
684 (5408)
686 (1495)
687 (1762)
688 (1132)
689 (817)
69 (2370)
690 (778)
692 (4993)
694 (2847)
7 (997)
70 (2411)
701 (1283)
703 (546)
704 (1794)
705 (888)
706 (1923)
707 (1354)
708 (1090)
709 (672)
71 (3507)
710 (1044)
711 (714)
712 (845)
713 (716)
716 (1199)
718 (1238)
719 (663)
72 (2852)
720 (3864)
722 (5845)
723 (829)
73 (2179)
730 (602)
731 (560)
732 (799)
733 (1141)
735 (1689)
736 (1470)
738 (2129)
740 (1632)
742 (953)
744 (2177)
745 (909)
746 (1982)
749 (1330)
75 (3151)
752 (2578)
753 (578)
758 (2860)
759 (788)
760 (698)
762 (792)
763 (1862)
765 (1705)
766 (6265)
769 (1622)
771 (505)
774 (2046)
775 (3771)
778 (2514)
78 (2471)
780 (2306)
782 (2767)
784 (1257)
785 (947)
788 (2386)
789 (4309)
790 (1094)
792 (1306)
793 (3063)
794 (624)
795 (3361)
797 (2684)
798 (3103)
8 (3090)
80 (826)
800 (1916)
801 (835)
803 (2237)
804 (1315)
805 (1789)
809 (2163)
810 (1267)
812 (1518)
814 (1672)
815 (1358)
819 (1257)
82 (674)
820 (1473)
823 (1031)
824 (565)
825 (3085)
826 (2022)
828 (542)
829 (6810)
830 (841)
831 (852)
832 (2062)
833 (629)
834 (1373)
835 (732)
837 (619)
838 (953)
839 (854)
841 (1927)
842 (752)
843 (1222)
844 (2814)
845 (585)
846 (1480)
85 (1555)
851 (577)
852 (538)
853 (1804)
854 (2847)
855 (939)
857 (1588)
858 (866)
859 (1242)
860 (1255)
862 (3649)
867 (1530)
868 (510)
871 (2810)
874 (2237)
878 (2047)
879 (865)
883 (4902)
884 (1645)
885 (3043)
886 (3053)
887 (1671)
888 (3686)
890 (1437)
893 (1947)
895 (3385)
897 (1935)
899 (1252)
90 (1875)
900 (1165)
903 (711)
905 (640)
906 (1444)
909 (525)
910 (1695)
911 (586)
912 (1009)
913 (1939)
914 (4037)
918 (3012)
919 (3710)
921 (2425)
922 (990)
923 (1753)
925 (652)
926 (672)
928 (1034)
93 (2777)
932 (1786)
933 (523)
934 (510)
935 (1742)
937 (4681)
938 (766)
94 (1201)
940 (536)
941 (1126)
943 (821)
944 (2794)
945 (536)
946 (1350)
947 (3690)
948 (1149)
949 (1414)
95 (841)
950 (1463)
952 (1574)
953 (525)
956 (3626)
96 (975)
960 (2732)
963 (1327)
964 (1518)
966 (3921)
967 (1695)
969 (849)
97 (1466)
970 (2086)
973 (512)
975 (1764)
978 (1141)
980 (899)
981 (1542)
982 (1640)
984 (1756)
988 (1164)
989 (1289)
991 (1268)
992 (1116)
995 (1521)
998 (2713)
100 362  (595)
105 494  (622)
105 815  (616)
105 862  (616)
105 944  (626)
116 673  (577)
12 120  (503)
12 132  (785)
12 227  (657)
12 390  (687)
12 722  (740)
120 132  (512)
120 309  (502)
120 510  (542)
120 593  (642)
120 620  (511)
120 638  (500)
120 793  (547)
120 829  (575)
120 862  (665)
120 885  (507)
120 895  (685)
130 274  (544)
132 638  (540)
132 688  (580)
143 460  (555)
143 481  (558)
143 919  (564)
145 419  (631)
154 168  (574)
157 719  (519)
158 354  (644)
158 583  (639)
158 617  (637)
17 541  (613)
17 956  (607)
175 766  (552)
175 834  (543)
175 910  (713)
177 775  (510)
177 947  (600)
183 366  (615)
183 541  (529)
183 766  (608)
185 471  (680)
185 678  (664)
185 960  (677)
192 487  (517)
192 638  (529)
192 888  (534)
192 935  (775)
197 878  (544)
205 529  (553)
208 290  (803)
208 458  (796)
208 888  (829)
208 969  (806)
21 205  (619)
21 362  (523)
21 413  (756)
21 57  (661)
21 793  (765)
21 857  (729)
21 918  (511)
210 829  (508)
214 354  (775)
214 956  (577)
217 283  (926)
217 346  (1335)
217 394  (543)
217 487  (546)
217 510  (547)
217 515  (843)
217 546  (599)
217 561  (518)
217 661  (693)
217 888  (538)
217 923  (625)
217 947  (716)
227 390  (1049)
227 722  (995)
229 758  (516)
236 541  (510)
236 829  (566)
236 956  (521)
240 956  (524)
242 392  (524)
242 471  (685)
242 489  (526)
242 758  (669)
27 354  (529)
27 58  (537)
279 489  (547)
279 766  (501)
283 346  (910)
283 515  (835)
285 871  (523)
285 947  (677)
290 458  (786)
290 888  (826)
290 969  (797)
296 368  (634)
296 829  (736)
309 620  (501)
309 793  (507)
32 285  (687)
32 472  (609)
32 947  (720)
33 217  (852)
33 283  (845)
33 346  (844)
33 515  (824)
335 509  (639)
346 515  (849)
346 561  (665)
346 888  (688)
348 912  (562)
349 634  (512)
349 888  (530)
350 411  (624)
350 572  (613)
350 579  (630)
350 803  (634)
350 842  (601)
354 480  (540)
354 583  (660)
354 617  (680)
354 722  (566)
354 752  (548)
354 956  (586)
362 918  (532)
368 438  (518)
368 460  (502)
368 470  (581)
368 494  (860)
368 529  (640)
368 653  (548)
368 682  (1193)
368 692  (928)
368 766  (504)
368 829  (1194)
368 937  (701)
373 716  (585)
38 362  (617)
38 918  (506)
385 684  (639)
39 145  (734)
39 368  (565)
39 419  (511)
39 704  (1107)
39 825  (1187)
390 722  (1042)
392 461  (502)
392 489  (866)
392 569  (535)
392 801  (664)
392 862  (881)
4 373  (572)
4 716  (576)
401 460  (554)
401 571  (708)
401 758  (604)
403 950  (541)
41 541  (589)
411 572  (610)
411 579  (617)
411 803  (826)
411 842  (603)
413 793  (766)
413 857  (731)
419 581  (546)
419 665  (533)
419 752  (597)
419 797  (622)
419 854  (519)
438 684  (825)
438 966  (676)
448 538  (723)
448 887  (621)
450 937  (561)
458 888  (796)
458 969  (788)
460 481  (526)
460 684  (619)
460 919  (591)
460 923  (574)
461 569  (500)
461 862  (514)
470 534  (764)
470 793  (581)
470 995  (754)
471 663  (633)
471 678  (810)
471 758  (694)
471 871  (643)
471 960  (935)
477 766  (525)
481 919  (536)
487 510  (646)
487 638  (523)
487 888  (558)
487 935  (519)
494 541  (694)
494 631  (659)
494 682  (714)
494 815  (625)
494 862  (720)
494 883  (671)
494 893  (572)
494 944  (654)
494 963  (611)
496 626  (761)
509 937  (643)
510 620  (509)
510 793  (535)
516 744  (678)
52 598  (539)
522 617  (622)
523 998  (561)
529 591  (509)
529 598  (943)
529 782  (861)
529 829  (584)
534 995  (750)
538 780  (511)
538 878  (767)
54 944  (640)
54 998  (637)
541 631  (625)
541 956  (570)
541 963  (590)
546 661  (610)
546 923  (600)
546 947  (608)
561 888  (677)
569 801  (503)
569 862  (552)
57 362  (538)
57 368  (568)
57 918  (504)
57 937  (782)
571 623  (783)
571 795  (838)
571 853  (793)
572 579  (601)
572 803  (604)
572 842  (592)
579 803  (619)
579 842  (600)
58 354  (643)
580 871  (541)
581 631  (580)
581 966  (624)
583 617  (631)
593 862  (615)
593 895  (631)
597 766  (569)
597 960  (504)
598 782  (800)
6 32  (607)
6 472  (635)
6 676  (769)
606 975  (682)
617 885  (632)
620 793  (519)
623 795  (805)
623 853  (791)
631 735  (535)
631 780  (540)
631 963  (591)
638 888  (529)
638 935  (513)
661 923  (623)
661 947  (637)
663 871  (624)
674 720  (536)
675 701  (540)
675 886  (823)
678 960  (669)
684 765  (812)
684 766  (613)
684 819  (800)
684 923  (514)
69 285  (513)
69 362  (757)
69 871  (515)
692 746  (578)
692 766  (535)
70 684  (860)
70 765  (789)
70 819  (798)
704 825  (1102)
704 884  (540)
707 867  (504)
708 883  (609)
708 978  (569)
71 766  (673)
72 183  (575)
72 541  (846)
72 937  (628)
720 780  (587)
735 780  (527)
746 966  (618)
75 325  (500)
75 438  (772)
75 684  (797)
75 775  (787)
75 829  (510)
765 819  (787)
766 960  (621)
774 883  (557)
788 956  (732)
789 829  (1194)
793 857  (734)
793 914  (568)
793 984  (656)
795 853  (806)
798 862  (513)
801 862  (674)
803 842  (607)
814 829  (501)
815 862  (615)
815 944  (626)
825 879  (537)
853 883  (571)
854 899  (539)
862 895  (635)
862 944  (659)
883 978  (601)
884 937  (594)
888 935  (535)
888 969  (810)
90 120  (523)
90 309  (536)
90 510  (510)
90 620  (550)
90 793  (519)
914 984  (546)
923 947  (859)
93 789  (538)
94 428  (508)
944 998  (637)
120 593 862  (572)
392 593 862  (17)
494 593 862  (30)
569 593 862  (21)
593 862 105  (6)
593 862 461  (16)
593 862 798  (19)
593 862 801  (17)
593 862 815  (10)
593 862 895  (573)
593 862 944  (12)
